id,pressure_index,biodiversity_subindex,surf_subindex,social_subindex,climate_index,response_index,sci,state
40,0.8548598442,0.6967620239,0.2553193131,0.5524662225,0.3516975954,0.4228048003,0.783578208,São Paulo
151,0.8628003078,0.8595413865,0.0283690269,0.0147691023,0.9427471965,0.516134581,0.8145506541,Pernambuco
152,0.8382277643,0.879892055,0.0851065985,0.0231767688,0.911888599,0.4037303805,0.7863560392,Pernambuco
153,0.8141444963,0.9842770282,0.1134751431,0.149291766,0.9540059071,0.1200742,0.7840434673,Pernambuco
154,0.7977147963,0.9638259827,0.1134751431,0.1576960066,0.9566534677,0.1000025518,0.7683262167,Pernambuco
156,0.5677395247,0.9783020832,0.0283690269,0.5921256438,0.9664370037,0.1767793134,0.8437901821,Paraíba
314,0.8521605277,0.348536518,0.652482314,0.55809522600000006,0.3562033513,0.3492228415,0.7776855064,Santa Catarina
315,0.8481853819,0.3402677342,0.7127660139,0.55809522600000006,0.3540088077,0.3377361686,0.7894505397,Santa Catarina
323,0.8374588474,0.5642303812,0.5957447424,0.5681653501,0.5457940738,0.3955464987,0.9113109263,Paraná
324,0.8320002766,0.5642008962,0.6843974692,0.5681653501,0.5460504869,0.3819588481,0.9352232445,Paraná
325,0.8303090055,0.5640559275,0.2624115698,0.5681653501,0.5404221832,0.3768643072,0.7864266383,Paraná
329,0.8810398112,0.5206437769,0.5390071709,0.0286360771,0.4460002008,0.9041536463,0.8471212674,São Paulo
340,0.8496175665,0.6155110293,0.8297872853,0.0780167294,0.8226066877,0.2547707064,0.8919197572,São Paulo
342,0.8499751478,0.5548571494,0.7695035854,0.0780167294,0.7247952367,0.2758804572,0.8243666883,São Paulo
344,0.9750010464,0.4646687511,0.3297875265,0.4379204968,0.2168703367,0.6276947981,0.7555111755,São Paulo
345,0.8559313731,0.6294446382,0.6808513409,0.0780167294,0.5765277369,0.3646853231,0.8012290148,São Paulo
352,0.8956120063,0.4988063605,0.826241157,0.1101989622,0.3024228602,0.4615116326,0.7701838521,São Paulo
353,0.8930560945,0.5086157739,0.826241157,0.1101989622,0.3056440042,0.438846143,0.7660094714,São Paulo
361,0.8335427076,0.4380684567,0.7092198855,0.6284144987,0.3232944008,0.3164020982,0.8229674744,São Paulo
362,0.8290742765,0.4473059923,0.7092198855,0.6284144987,0.32209266,0.3129327764,0.8230010458,São Paulo
363,0.8256635979,0.4906156109,0.4964541128,0.6284144987,0.3287395538,0.3096335598,0.7649544086,São Paulo
364,0.8246391581,0.4650443823,0.7978726123,0.6284144987,0.3355969915,0.3006044743,0.8583154466,São Paulo
366,0.8661292901,0.5999729799,0.7375889124,0.5524662225,0.3528964414,0.4154224542,0.9173157312,São Paulo
367,0.9039626402,0.5720642723,0.7127660139,0.5524662225,0.3563178688,0.4368848164,0.920734971,São Paulo
368,0.9537253323,0.5095143259,0.6560284423,0.1659928421,0.3514487214,0.4433515158,0.7651393992,São Paulo
377,0.5198891899,0.6162718745,0.7269505273,0.1494550737,0.6419494622,0.3823933777,0.7503634314,Rio de Janeiro
378,0.4944197718,0.631003944,0.9964538716,0.1578627402,0.5628503525,0.3732523661,0.8116337362,Rio de Janeiro
379,0.4851226212,0.6320500353,0.968085327,0.1662704067,0.4591002802,0.4896354473,0.8062992098,Rio de Janeiro
383,0.4752851955,0.6213937573,1,0.1746780732,0.35998596,0.4613767113,0.7694739204,Rio de Janeiro
387,0.4283634346,0.6003447005,0.6382978005,0.6539150627,0.322639397,0.4246370736,0.7610770352,Rio de Janeiro
454,0.9624333421,0.6133074319,0.5106386262,0.4624216565,0.8608856318,0.3562604033,1,Bahia
455,0.9667955044,0.6025760797,0.3297875265,0.4624216565,0.9050724939,0.3987364286,0.9655672008,Bahia
463,0.5850674276,0.3883758322,0.9397163001,0.5506929087,0.496516013,0.1852049546,0.7875720628,Bahia
474,0.8297276006,0.9623227418,0.5035463695,0.149291766,0.9046271019,0.196339815,0.9246363465,Pernambuco
475,0.8196015381,0.99818727,0.6241137693,0.149291766,0.9306342595,0.1381806447,0.9637248334,Pernambuco
476,0.7577787748,0.9296897323,0.4751773426,0.1576960066,0.9005946189,0.0683133652,0.8367696422,Pernambuco
479,0.657204373,1,0.1773049714,0.5796371127,0.9663590946,0.1985900987,0.9360184529,Paraíba
481,0.9377613836,0.7291118403,0.4716312142,0.0386413525,0.9285855985,0.1530302543,0.8263298939,Rio Grande do Norte
482,0.8841942173,0.5911745848,0.8297872853,0.2639781187,0.4174966725,0.0598750584,0.7536494352,Rio Grande do Norte
493,0.9120495402,0.0509298675,0.7092198855,0.4624216565,0,0.9350143183,0.7615693654,Pernambuco
494,0.9120495402,0.0511258949,0.7092198855,0.4624216565,0,0.934753808,0.7615472852,Pernambuco
510,0.8768682643,0.4707045736,0.4822695993,0.4624216565,0.6315438155,0.4296203516,0.8587455745,Pará
519,0.9797450008,0.5299291148,0.5709223261,0.0202284106,0.5865027411,1,0.9730791633,São Paulo
529,0.4869335348,0.6299881594,0.9078016271,0.1578627402,0.507299257,0.3671697897,0.7572616754,Rio de Janeiro
532,0.8815144472,0.7418210649,0.5106386262,0.1648658294,0.2747224084,0.4827255579,0.7569989801,Rio de Janeiro
539,0.5809131753,0.3896153935,0.968085327,0.5506929087,0.496516013,0.1768150806,0.7934152646,Bahia
541,0.8091964124,0.5803709027,0.5673761978,0.0182096412,0.4984125163,0.7568100686,0.8166100113,Bahia
547,0.8589869987,0.6492942659,0.4822695993,0.0058747411,1,0.1674493879,0.7938388697,Pará
